50,142.3667755126953
100,88.20072174072266
150,106.54730987548828
200,129.5013885498047
250,107.9064712524414
300,129.9735107421875
350,89.06623840332031
400,97.75269317626953
450,62.446136474609375
500,127.75404357910156
550,67.00257110595703
600,124.10993194580078
650,85.94654083251953
700,110.47816467285156
750,121.7813949584961
800,69.12194061279297
850,126.59637451171875
900,105.48910522460938
950,109.14845275878906
1000,111.30921936035156
1050,121.30619049072266
1100,94.8182601928711
1150,106.43004608154297
1200,138.71656799316406
1250,70.78942108154297
1300,114.30657958984375
1350,95.18839263916016
1400,102.04942321777344
1450,124.97164154052734
1500,178.85562133789062
1550,111.93778228759766
1600,42.758270263671875
1650,73.28974151611328
1700,108.29790496826172
1750,33.69432830810547
1800,69.18390655517578
1850,138.29335021972656
1900,102.20549011230469
1950,112.17901611328125
2000,141.02809143066406
2050,71.2839126586914
2100,67.90560150146484
2150,54.95671081542969
2200,89.66938781738281
2250,127.62785339355469
2300,97.78865051269531
2350,113.46014404296875
2400,74.77093505859375
2450,112.06077575683594
2500,82.3094711303711
2550,145.8013458251953
2600,87.29541778564453
2650,82.80521392822266
2700,123.24208068847656
2750,134.1785888671875
2800,69.38856506347656
2850,84.09309387207031
2900,148.9468536376953
2950,91.60130310058594
3000,113.85535430908203
3050,71.94695281982422
3100,84.19953918457031
3150,86.69075775146484
3200,95.64466857910156
3250,44.87010955810547
3300,111.8282241821289
3350,115.57315826416016
3400,111.09991455078125
3450,89.02347564697266
3500,89.39567565917969
3550,53.92335510253906
3600,95.99372863769531
3650,97.5639877319336
3700,66.99124908447266
3750,129.7020263671875
3800,90.01174926757812
3850,57.11680221557617
3900,84.71268463134766
3950,92.22128295898438
4000,93.13264465332031
4050,116.60874938964844
4100,96.46102905273438
4150,155.10968017578125
4200,80.05764770507812
4250,86.87808227539062
4300,91.43742370605469
4350,150.3633575439453
4400,96.5821762084961
4450,55.41300582885742
4500,121.04817962646484
4550,97.96574401855469
4600,139.02450561523438
4650,88.43648529052734
4700,125.12663269042969
4750,80.92367553710938
4800,77.86329650878906
4850,123.1361312866211
4900,84.81956481933594
4950,120.33421325683594
5000,112.301513671875
5050,93.59589385986328
5100,82.39691162109375
5150,80.41214752197266
5200,97.51285552978516
5250,123.75481414794922
5300,79.05929565429688
5350,88.99051666259766
5400,93.98809814453125
5450,95.7576675415039
5500,106.86775970458984
5550,80.94351196289062
5600,123.51129913330078
5650,97.2231216430664
5700,116.0373306274414
5750,108.15623474121094
5800,109.84262084960938
5850,116.37431335449219
5900,93.09529876708984
5950,130.62608337402344
6000,76.9073257446289
6050,100.40816497802734
6100,105.54171752929688
6150,52.941749572753906
6200,118.05528259277344
6250,100.77680969238281
6300,86.92570495605469
6350,96.20854949951172
6400,75.58785247802734
6450,91.39146423339844
6500,87.97859954833984
6550,113.16861724853516
6600,136.77671813964844
6650,114.67539978027344
6700,148.173095703125
6750,101.73922729492188
6800,119.14128112792969
6850,78.42457580566406
6900,60.08530807495117
6950,98.40777587890625
7000,112.71678161621094
7050,115.23432159423828
7100,66.55716705322266
7150,123.13005828857422
7200,102.04806518554688
7250,51.88807678222656
7300,87.28690338134766
7350,63.19767379760742
7400,68.20661926269531
7450,104.17940521240234
7500,45.76924514770508
7550,145.32781982421875
7600,115.05813598632812
7650,122.56228637695312
7700,113.00679779052734
7750,76.91986083984375
7800,102.0225601196289
7850,100.17557525634766
7900,65.03852081298828
7950,71.31719970703125
8000,142.71002197265625
8050,115.7995834350586
8100,89.48661041259766
8150,120.272705078125
8200,73.94166564941406
8250,109.78345489501953
8300,99.50350189208984
8350,122.83033752441406
8400,65.5330581665039
8450,84.61872100830078
8500,121.87694549560547
8550,80.96485900878906
8600,81.53782653808594
8650,74.20426177978516
8700,88.7751693725586
8750,94.92411041259766
8800,119.83313751220703
8850,56.14678192138672
8900,141.05487060546875
8950,67.05313110351562
9000,89.16506958007812
9050,83.61568450927734
9100,152.18943786621094
9150,131.95399475097656
9200,95.95035552978516
9250,141.62103271484375
9300,84.06723022460938
9350,132.90713500976562
9400,112.52690124511719
9450,41.983001708984375
9500,59.30583190917969
9550,115.04662322998047
9600,65.97248840332031
9650,56.528541564941406
9700,82.16395568847656
9750,84.18292236328125
9800,121.19514465332031
9850,80.52499389648438
9900,103.33552551269531
9950,108.45356750488281
10000,80.1917724609375
10050,84.97318267822266
10100,107.65660858154297
10150,58.5284538269043
10200,125.32939910888672
10250,92.3497314453125
10300,81.626708984375
10350,108.23084259033203
10400,93.06854248046875
10450,92.36164855957031
10500,59.47511672973633
10550,122.38815307617188
10600,72.93505859375
10650,38.51020431518555
10700,105.81135559082031
10750,70.8305892944336
10800,76.78105926513672
10850,68.69039154052734
10900,84.97472381591797
10950,75.87860870361328
11000,67.95893859863281
11050,84.5867919921875
11100,79.68197631835938
11150,88.17499542236328
11200,61.84007263183594
11250,93.72743225097656
11300,70.01123046875
11350,95.75067901611328
11400,93.0924301147461
11450,106.46930694580078
11500,126.76639556884766
11550,93.56338500976562
11600,67.94839477539062
11650,67.3849105834961
11700,73.80570220947266
11750,93.58766174316406
11800,81.42240142822266
11850,75.47138977050781
11900,118.55583953857422
11950,55.764469146728516
12000,133.14442443847656
12050,69.84610748291016
12100,77.58737182617188
12150,90.23637390136719
12200,106.6128921508789
12250,78.0352554321289
12300,52.098655700683594
12350,80.37593841552734
12400,70.63395690917969
12450,76.37074279785156
12500,134.6905059814453
12550,91.57251739501953
12600,85.43228149414062
12650,36.50131607055664
12700,69.71613311767578
12750,100.4825668334961
12800,123.36927032470703
12850,104.99051666259766
12900,103.51030731201172
12950,97.63836669921875
13000,97.1305923461914
13050,95.69757843017578
13100,78.73983001708984
13150,54.09005355834961
13200,78.98857879638672
13250,114.59036254882812
13300,83.2876968383789
13350,54.6357421875
13400,47.76481246948242
13450,64.93226623535156
13500,102.08387756347656
13550,37.844295501708984
13600,62.64609909057617
13650,89.1814956665039
13700,112.22794342041016
13750,43.95865249633789
13800,103.00617218017578
13850,98.37489318847656
13900,96.60047149658203
13950,51.94830322265625
14000,95.20037078857422
14050,96.46549987792969
14100,138.33328247070312
14150,106.6243896484375
14200,91.23965454101562
14250,94.64057922363281
14300,91.14994049072266
14350,147.365966796875
14400,97.24189758300781
14450,90.66255187988281
14500,79.34757995605469
14550,88.25382232666016
14600,81.21912384033203
14650,60.86412811279297
14700,79.64452362060547
14750,63.65467071533203
14800,106.18110656738281
14850,102.65135955810547
14900,113.87693786621094
14950,91.4716796875
15000,65.12654113769531
15050,72.30309295654297
15100,97.31278228759766
15150,74.63604736328125
15200,109.08817291259766
15250,110.40914154052734
15300,98.75206756591797
15350,90.75566864013672
15400,79.80784606933594
15450,93.24244689941406
15500,117.65082550048828
15550,65.69052124023438
15600,109.07259368896484
15650,89.66044616699219
15700,114.19493103027344
15750,75.09020233154297
15800,91.31912231445312
15850,128.37103271484375
15900,74.58616638183594
15950,87.55786895751953
16000,92.9825210571289
16050,118.16215515136719
16100,138.29029846191406
16150,92.11148834228516
16200,98.60333251953125
16250,83.78629302978516
16300,60.29658126831055
16350,62.95558547973633
16400,91.08126068115234
16450,71.20036315917969
16500,123.18511962890625
16550,147.10296630859375
16600,98.85638427734375
16650,77.38523864746094
16700,87.72577667236328
16750,91.38319396972656
16800,99.87095642089844
16850,108.34249877929688
16900,43.90536880493164
16950,73.15348815917969
17000,118.14628601074219
17050,100.1820068359375
17100,114.2604751586914
17150,89.10222625732422
17200,125.41069030761719
17250,125.5997543334961
17300,73.86116790771484
17350,85.82669830322266
17400,41.42121887207031
17450,104.0179443359375
17500,68.42723846435547
17550,79.434326171875
17600,121.55512237548828
17650,99.1356201171875
17700,89.2389144897461
17750,101.48330688476562
17800,87.71388244628906
17850,75.02136993408203
17900,97.83210754394531
17950,66.42829895019531
18000,92.8032455444336
18050,101.10609436035156
18100,88.55557250976562
18150,90.25883483886719
18200,89.1285171508789
18250,127.17455291748047
18300,100.78219604492188
18350,59.76751708984375
18400,116.60912322998047
18450,118.91835021972656
18500,80.18831634521484
18550,77.3585205078125
18600,92.20989227294922
18650,112.05429077148438
18700,101.74141693115234
18750,104.55342864990234
18800,106.06881713867188
18850,101.83466339111328
18900,91.16265869140625
18950,99.84947204589844
19000,91.6137924194336
19050,77.18949890136719
19100,96.9123764038086
19150,62.76533508300781
19200,119.0774154663086
19250,87.1489486694336
19300,91.63455200195312
19350,114.70584869384766
19400,115.87518310546875
19450,78.5643310546875
19500,91.14764404296875
19550,112.80967712402344
19600,89.1380386352539
19650,87.1087417602539
19700,61.93140411376953
19750,81.03279113769531
19800,59.593753814697266
19850,69.86641693115234
19900,93.72920227050781
19950,63.72201919555664
20000,98.98464965820312
20050,54.10158920288086
20100,94.06194305419922
20150,101.94699096679688
20200,82.0353775024414
20250,68.7524185180664
20300,87.55455017089844
20350,111.60350799560547
20400,49.910404205322266
20450,93.71315002441406
20500,61.90629959106445
20550,120.5566635131836
20600,114.10554504394531
20650,94.7220687866211
20700,77.48440551757812
20750,64.17181396484375
20800,106.9939956665039
20850,62.39651107788086
20900,123.40760803222656
20950,73.09616088867188
21000,75.63380432128906
21050,107.54300689697266
21100,93.17804718017578
21150,85.64094543457031
21200,98.7403564453125
21250,54.43723678588867
21300,82.54830932617188
21350,97.6858139038086
21400,65.41951751708984
21450,91.48625183105469
21500,140.1302490234375
21550,100.40050506591797
21600,115.57071685791016
21650,68.59834289550781
21700,56.42686462402344
21750,78.30770111083984
21800,68.00132751464844
21850,86.95854949951172
21900,107.32282257080078
21950,107.98291015625
22000,78.35882568359375
22050,83.45431518554688
22100,82.15725708007812
22150,86.6802749633789
22200,98.73575592041016
22250,73.31208801269531
22300,55.66525650024414
22350,90.92504119873047
22400,99.01084899902344
22450,51.80287551879883
22500,92.33192443847656
22550,136.5390167236328
22600,109.58345794677734
22650,109.3727798461914
22700,51.83473205566406
22750,73.13072204589844
22800,51.63126754760742
22850,102.51242065429688
22900,82.47583770751953
22950,68.58003234863281
23000,44.96367263793945
23050,80.1484375
23100,127.49958801269531
23150,136.19815063476562
23200,98.24703979492188
23250,85.80430603027344
23300,93.17112731933594
23350,83.23985290527344
23400,59.48578643798828
23450,76.91104125976562
23500,78.74099731445312
23550,80.52066040039062
23600,95.99028015136719
23650,94.99651336669922
23700,79.57283020019531
23750,94.34683227539062
23800,51.384647369384766
23850,55.43913650512695
23900,89.9783706665039
23950,131.90704345703125
24000,76.07357788085938
24050,78.16412353515625
24100,106.24397277832031
24150,71.50494384765625
24200,85.01498413085938
24250,81.65299987792969
24300,56.94182586669922
24350,66.45074462890625
24400,50.5035285949707
24450,81.29752349853516
24500,133.53189086914062
24550,77.32903289794922
24600,50.909912109375
24650,91.3094253540039
24700,97.43350219726562
24750,105.9439926147461
24800,87.45988464355469
24850,72.99810028076172
24900,87.16038513183594
24950,115.15425109863281
25000,114.08020782470703
25050,58.370731353759766
25100,77.7947998046875
25150,69.56989288330078
25200,123.68746948242188
25250,71.94496154785156
25300,117.07235717773438
25350,102.84563446044922
25400,92.65831756591797
25450,74.89403533935547
25500,87.94910430908203
25550,99.58255767822266
25600,29.020221710205078
25650,92.40227508544922
25700,96.25284576416016
25750,71.9262466430664
25800,57.17646026611328
25850,98.09893035888672
25900,114.95555114746094
25950,113.45689392089844
26000,51.51594543457031
26050,92.3934555053711
26100,106.6220474243164
26150,56.82705307006836
26200,100.03089904785156
26250,73.3172607421875
26300,91.02588653564453
26350,59.7360725402832
26400,66.8953628540039
26450,124.64129638671875
26500,85.097412109375
26550,63.424922943115234
26600,74.34849548339844
26650,64.75627136230469
26700,90.30429077148438
26750,71.41693115234375
26800,150.0774383544922
26850,116.6703109741211
26900,100.06389617919922
26950,72.4631118774414
27000,52.102439880371094
27050,110.2220687866211
27100,63.666587829589844
27150,26.478729248046875
27200,74.56059265136719
27250,97.36701202392578
27300,131.54661560058594
27350,55.019981384277344
27400,134.56451416015625
27450,99.60733795166016
27500,85.7391357421875
27550,90.99937438964844
27600,68.02113342285156
27650,93.17203521728516
27700,83.01814270019531
27750,73.86597442626953
27800,121.06157684326172
27850,104.13465118408203
27900,85.32506561279297
27950,47.72322082519531
28000,91.49574279785156
28050,91.08895874023438
28100,72.36790466308594
28150,107.63429260253906
28200,77.4917984008789
28250,135.8304901123047
28300,89.4847412109375
28350,78.37437438964844
28400,70.4068603515625
28450,78.14302825927734
28500,60.56439971923828
28550,79.6223373413086
28600,84.57138061523438
28650,68.52415466308594
28700,83.11394500732422
28750,101.6457748413086
28800,101.96073913574219
28850,100.71048736572266
28900,84.5135726928711
28950,60.854461669921875
29000,62.19073486328125
29050,70.03131103515625
29100,79.52188873291016
29150,82.47529602050781
29200,49.063316345214844
29250,88.8291244506836
29300,61.072505950927734
29350,105.0545425415039
29400,91.41921997070312
29450,105.30696105957031
29500,88.96214294433594
29550,99.40319061279297
29600,107.544189453125
29650,88.69406127929688
29700,89.11419677734375
29750,106.13804626464844
29800,129.0344696044922
29850,74.72248077392578
29900,91.07579803466797
29950,84.32073974609375
30000,88.6468734741211
30050,108.26284790039062
30100,66.41300201416016
30150,43.93085861206055
30200,127.20164489746094
30250,87.52690124511719
30300,70.22854614257812
30350,87.95108032226562
30400,58.591468811035156
30450,99.75074768066406
30500,118.82475280761719
30550,113.74854278564453
30600,81.2474365234375
30650,81.17013549804688
30700,76.82135009765625
30750,89.29023742675781
30800,108.34770202636719
30850,106.62767791748047
30900,104.99809265136719
30950,60.758155822753906
31000,68.95478820800781
31050,71.69013214111328
31100,41.341575622558594
31150,74.0087661743164
31200,73.5774154663086
31250,56.82674026489258
31300,83.92471313476562
31350,55.44270706176758
31400,100.02915954589844
31450,69.73307037353516
31500,79.9537353515625
31550,73.16584014892578
31600,123.44062805175781
31650,105.23992156982422
31700,106.18913269042969
31750,101.68829345703125
31800,65.93826293945312
31850,79.02657318115234
31900,95.67357635498047
31950,82.18408966064453
32000,133.40065002441406
32050,108.94673156738281
32100,89.15814971923828
32150,90.50061798095703
32200,86.20922088623047
32250,110.0770492553711
32300,70.42615509033203
32350,82.96952819824219
32400,84.0516586303711
32450,72.73634338378906
32500,55.01165771484375
32550,91.01524353027344
32600,78.77546691894531
32650,113.80186462402344
32700,97.57352447509766
32750,56.83274459838867
32800,112.09664916992188
32850,74.04415130615234
32900,106.30684661865234
32950,77.76392364501953
33000,91.64427947998047
33050,80.04354858398438
33100,82.65630340576172
33150,92.0355453491211
33200,93.28695678710938
33250,67.92243194580078
33300,100.49095153808594
33350,76.40481567382812
33400,56.219425201416016
33450,87.32974243164062
33500,95.32149505615234
33550,88.2452621459961
33600,81.07141876220703
33650,67.70323944091797
33700,107.500732421875
33750,105.9171142578125
33800,65.79788208007812
33850,81.32563781738281
33900,105.6576919555664
33950,113.9884262084961
34000,63.80423355102539
34050,90.96491241455078
34100,71.84921264648438
34150,92.1021957397461
34200,85.41551208496094
34250,106.21406555175781
34300,81.70994567871094
34350,89.50839233398438
34400,117.28267669677734
34450,102.89559173583984
34500,85.72271728515625
34550,55.46390151977539
34600,69.9130630493164
34650,52.56441879272461
34700,59.95940017700195
34750,102.7996826171875
34800,158.0934600830078
34850,62.175052642822266
34900,92.08061218261719
34950,50.33800506591797
35000,88.79405212402344
35050,30.277544021606445
35100,106.50113677978516
35150,91.07823944091797
35200,55.682151794433594
35250,78.15400695800781
35300,48.926979064941406
35350,98.59259033203125
35400,76.83329772949219
35450,93.09039306640625
35500,69.4231948852539
35550,85.80653381347656
35600,93.8223648071289
35650,97.31737518310547
35700,103.42465209960938
35750,111.35787963867188
35800,50.66788101196289
35850,77.59374237060547
35900,86.35140228271484
35950,77.50590515136719
36000,126.20611572265625
36050,118.81110382080078
36100,108.58158111572266
36150,106.8875961303711
36200,96.74575805664062
36250,118.43805694580078
36300,76.10021209716797
36350,106.7092514038086
36400,90.50524139404297
36450,106.93655395507812
36500,84.15300750732422
36550,86.65203094482422
36600,89.53681945800781
36650,119.30907440185547
36700,72.83673095703125
36750,98.24131774902344
36800,61.80632781982422
36850,126.45393371582031
36900,116.78331756591797
36950,99.71633911132812
37000,45.250186920166016
37050,44.69673156738281
37100,80.14717864990234
37150,53.73677062988281
37200,75.65380096435547
37250,69.9210433959961
37300,111.0743179321289
37350,100.7038345336914
37400,47.31673812866211
37450,48.91295623779297
37500,110.52498626708984
37550,71.72627258300781
37600,90.70040130615234
37650,51.64411163330078
37700,120.98060607910156
37750,86.18399047851562
37800,93.06837463378906
37850,100.68211364746094
37900,36.721195220947266
37950,76.01506042480469
38000,79.02130889892578
38050,81.36166381835938
38100,93.49715423583984
38150,123.75853729248047
38200,92.75581359863281
38250,33.94196319580078
38300,74.2001724243164
38350,105.59931945800781
38400,97.74458312988281
38450,59.98146438598633
38500,60.41994857788086
38550,99.05406188964844
38600,69.54074096679688
38650,60.09002685546875
38700,48.908451080322266
38750,61.05207443237305
38800,70.5630111694336
38850,105.40582275390625
38900,54.294410705566406
38950,120.63798522949219
39000,98.7193603515625
39050,47.04203414916992
39100,53.10840606689453
39150,87.38213348388672
39200,61.60405731201172
39250,92.99787139892578
39300,83.58253479003906
39350,87.05431365966797
39400,109.56214904785156
39450,62.128440856933594
39500,112.01874542236328
39550,83.98486328125
39600,102.08380126953125
39650,72.55486297607422
39700,52.7708854675293
39750,46.14529037475586
39800,76.36920928955078
39850,73.17539978027344
39900,79.16705322265625
39950,97.76040649414062
40000,90.08061981201172
40050,82.51885223388672
40100,100.83119201660156
40150,66.3693618774414
40200,123.10751342773438
40250,74.28581237792969
40300,110.20541381835938
40350,52.38985824584961
40400,55.42082214355469
40450,63.862491607666016
40500,91.90827178955078
40550,95.22541046142578
40600,82.3463363647461
40650,85.47183990478516
40700,106.86115264892578
40750,76.8782958984375
40800,98.2636489868164
40850,79.29232788085938
40900,81.87068176269531
40950,110.80533599853516
41000,61.72291564941406
41050,78.61203002929688
41100,97.67159271240234
41150,86.24571990966797
41200,68.77285766601562
41250,62.42436218261719
41300,105.88933563232422
41350,67.55769348144531
41400,73.20366668701172
41450,127.79627990722656
41500,60.703338623046875
41550,101.7482681274414
41600,92.99007415771484
41650,77.5211410522461
41700,118.08201599121094
41750,95.63042449951172
41800,76.31208801269531
41850,90.50112915039062
41900,43.07318115234375
41950,82.2125244140625
42000,90.86994171142578
42050,39.21803665161133
42100,27.4111270904541
42150,52.334632873535156
42200,76.93255615234375
42250,57.8679084777832
42300,63.29732894897461
42350,106.60385131835938
42400,100.71250915527344
42450,69.3150634765625
42500,95.45365905761719
42550,87.4479751586914
42600,93.64751434326172
42650,109.13548278808594
42700,68.32194519042969
42750,102.1832275390625
42800,74.18893432617188
42850,76.06640625
42900,75.38984680175781
42950,99.49742126464844
43000,73.07089233398438
43050,48.933902740478516
43100,68.324462890625
43150,82.40111541748047
43200,119.433837890625
43250,118.116455078125
43300,79.1808853149414
43350,79.760498046875
43400,78.27141571044922
43450,73.99090576171875
43500,83.92121124267578
43550,71.73956298828125
43600,80.07872772216797
43650,80.16573333740234
43700,96.04322814941406
43750,53.60605239868164
43800,81.46952819824219
43850,77.7299575805664
43900,72.30571746826172
43950,110.99617004394531
44000,99.11981964111328
44050,73.0427017211914
44100,67.46893310546875
44150,85.1166763305664
44200,77.08574676513672
44250,60.412086486816406
44300,65.94452667236328
44350,79.64964294433594
44400,99.54098510742188
44450,58.04465103149414
44500,86.06661987304688
44550,77.66922760009766
44600,101.9588623046875
44650,62.93031311035156
44700,66.99887084960938
44750,90.84194946289062
44800,62.140167236328125
44850,66.91756439208984
44900,70.83302307128906
44950,84.1649398803711
45000,106.6825942993164
45050,92.4215087890625
45100,70.05743408203125
45150,84.44319915771484
45200,102.45736694335938
45250,79.83332061767578
45300,114.82349395751953
45350,74.92321014404297
45400,65.71421813964844
45450,118.41519165039062
45500,61.84574508666992
45550,111.76351928710938
45600,62.27342224121094
45650,58.647430419921875
45700,80.02154541015625
45750,86.11333465576172
45800,99.27301025390625
45850,71.67150115966797
45900,73.80807495117188
45950,96.33655548095703
46000,83.98332214355469
46050,93.76283264160156
46100,58.918907165527344
46150,74.62203979492188
46200,111.05253601074219
46250,87.42695617675781
46300,87.03307342529297
46350,100.09044647216797
46400,118.0491714477539
46450,60.299232482910156
46500,59.2451171875
46550,99.50590515136719
46600,90.0357894897461
46650,95.609130859375
46700,89.97627258300781
46750,48.1693000793457
46800,71.17105102539062
46850,97.3868408203125
46900,81.2686767578125
46950,105.92428588867188
47000,60.32859802246094
47050,61.54689407348633
47100,85.71981811523438
47150,68.16912078857422
47200,92.29202270507812
47250,70.65843963623047
47300,91.69375610351562
47350,52.49355697631836
47400,83.47264099121094
47450,71.78607940673828
47500,107.7729721069336
47550,73.54235076904297
47600,88.15892791748047
47650,91.59685516357422
47700,94.08787536621094
47750,46.87479019165039
47800,66.3868179321289
47850,97.74547576904297
47900,92.96292114257812
47950,81.2231216430664
48000,67.70198822021484
48050,75.00958251953125
48100,46.39589309692383
48150,87.14389038085938
48200,64.1129150390625
48250,62.12998962402344
48300,64.50431823730469
48350,78.11981964111328
48400,67.46925354003906
48450,58.6676025390625
48500,84.04327392578125
48550,79.8548812866211
48600,103.20199584960938
48650,45.916900634765625
48700,38.44813537597656
48750,72.15943145751953
48800,57.99419021606445
48850,64.55689239501953
48900,96.01610565185547
48950,91.29043579101562
49000,56.83370590209961
49050,42.531925201416016
49100,59.47099304199219
49150,64.31139373779297
49200,67.74242401123047
49250,109.98914337158203
49300,57.17823028564453
49350,106.60862731933594
49400,44.0361442565918
49450,101.94730377197266
49500,75.96146392822266
49550,76.26848602294922
49600,96.48216247558594
49650,71.0706787109375
49700,143.29884338378906
49750,84.73165893554688
49800,80.87476348876953
49850,74.21945190429688
49900,76.24807739257812
49950,60.237762451171875
50000,71.93243408203125
50050,36.4242057800293
50100,65.08497619628906
50150,85.83201599121094
50200,47.731239318847656
50250,98.91446685791016
50300,84.36357879638672
50350,51.917667388916016
50400,95.21424865722656
50450,41.148624420166016
50500,61.243995666503906
50550,87.65249633789062
50600,87.06262969970703
50650,116.89470672607422
50700,69.59967041015625
50750,90.77433013916016
50800,61.01337432861328
50850,83.62268829345703
50900,80.64888763427734
50950,135.47813415527344
51000,64.26129150390625
51050,58.00495529174805
51100,119.4273681640625
51150,137.58848571777344
51200,86.14005279541016
51250,128.47264099121094
51300,101.44010162353516
51350,93.76742553710938
51400,109.92715454101562
51450,77.35205841064453
51500,95.6895980834961
51550,72.29562377929688
51600,55.67615509033203
51650,95.80323028564453
51700,93.91492462158203
51750,101.8578109741211
51800,72.0146484375
51850,99.58720397949219
51900,74.99945831298828
51950,50.23312759399414
52000,103.86290740966797
52050,88.62677001953125
52100,108.76713562011719
52150,95.9918212890625
52200,79.55516815185547
52250,71.46665954589844
52300,103.66448211669922
52350,71.82687377929688
52400,68.84246063232422
52450,78.42469024658203
52500,78.4161605834961
52550,46.809871673583984
52600,69.9175796508789
52650,89.54256439208984
52700,69.59226989746094
52750,93.80276489257812
52800,83.03539276123047
52850,77.67728424072266
52900,98.51667022705078
52950,79.51262664794922
53000,82.69091033935547
53050,96.32229614257812
53100,73.10250854492188
53150,47.14850997924805
53200,71.41011810302734
53250,65.87969970703125
53300,89.01985168457031
53350,87.4374008178711
53400,81.47008514404297
53450,73.73727416992188
53500,61.239261627197266
53550,71.62083435058594
53600,88.43502044677734
53650,79.47586822509766
53700,96.61872100830078
53750,94.41580963134766
53800,62.636043548583984
53850,73.14725494384766
53900,47.030948638916016
53950,82.08643341064453
54000,61.253971099853516
54050,53.0372314453125
54100,69.39247131347656
54150,63.34076690673828
54200,40.223777770996094
54250,95.26297760009766
54300,68.6162338256836
54350,80.13815307617188
54400,74.77606964111328
54450,58.76869201660156
54500,102.43221282958984
54550,59.46159744262695
54600,101.07279205322266
54650,72.17115783691406
54700,58.634185791015625
54750,86.89461517333984
54800,96.83477783203125
54850,63.323326110839844
54900,56.75300598144531
54950,78.69195556640625
55000,89.5662612915039
55050,75.34014892578125
55100,144.24325561523438
55150,119.09452056884766
55200,81.35350036621094
55250,94.66596221923828
55300,76.91929626464844
55350,111.8913803100586
55400,87.67379760742188
55450,77.33953094482422
55500,62.995182037353516
55550,98.49327850341797
55600,110.36799621582031
55650,73.39237976074219
55700,61.86323928833008
55750,38.43428421020508
55800,72.82540130615234
55850,71.96127319335938
55900,67.66173553466797
55950,99.74274444580078
56000,43.924888610839844
56050,78.49679565429688
56100,86.9033432006836
56150,63.50393295288086
56200,75.15019226074219
56250,61.20732498168945
56300,56.423240661621094
56350,79.72317504882812
56400,94.3602523803711
56450,110.2778549194336
56500,90.97605895996094
56550,94.80181121826172
56600,110.83404541015625
56650,83.33699798583984
56700,85.37557220458984
56750,72.12722778320312
56800,69.18458557128906
56850,55.28742980957031
56900,83.12495422363281
56950,53.95792770385742
57000,126.33946228027344
57050,81.28201293945312
57100,49.44845962524414
57150,102.56220245361328
57200,103.19428253173828
57250,87.28570556640625
57300,112.14480590820312
57350,119.45409393310547
57400,102.60698699951172
57450,99.09535217285156
57500,67.27845001220703
57550,115.37960815429688
57600,52.232948303222656
57650,89.20448303222656
57700,86.47261810302734
57750,90.38897705078125
57800,48.891380310058594
57850,90.1523208618164
57900,87.92308807373047
57950,97.95030975341797
58000,109.9947509765625
58050,114.62296295166016
58100,91.44963073730469
58150,60.668212890625
58200,59.78543472290039
58250,103.79878234863281
58300,90.87578582763672
58350,129.18138122558594
58400,78.08499145507812
58450,123.2529296875
58500,73.2417984008789
58550,23.451335906982422
58600,67.86823272705078
58650,69.68726348876953
58700,62.427207946777344
58750,99.28861999511719
58800,83.64971923828125
58850,97.6753158569336
58900,79.43949890136719
58950,142.5295867919922
59000,101.59784698486328
59050,81.21309661865234
59100,93.66847229003906
59150,85.33859252929688
59200,70.12025451660156
59250,45.430912017822266
59300,78.6795425415039
59350,77.39698028564453
59400,87.76136016845703
59450,78.5289535522461
59500,71.98601531982422
59550,110.13819122314453
59600,95.1312255859375
59650,74.6500473022461
59700,92.1433334350586
59750,90.61976623535156
59800,99.56909942626953
59850,80.98893737792969
59900,66.26580810546875
59950,64.4081802368164
60000,127.20307922363281
60050,50.70631408691406
60100,100.68843078613281
60150,56.34769821166992
60200,50.55085754394531
60250,131.83306884765625
60300,77.29890441894531
60350,53.231605529785156
60400,81.85427856445312
60450,87.44393157958984
60500,63.98001480102539
60550,86.7362060546875
60600,76.92929077148438
60650,74.60997009277344
60700,75.64823150634766
60750,93.79545593261719
60800,73.10467529296875
60850,85.88900756835938
60900,95.96984100341797
60950,74.98594665527344
61000,65.56070709228516
61050,60.17172622680664
61100,106.29976654052734
61150,60.7628288269043
61200,120.96378326416016
61250,118.71232604980469
61300,104.5771713256836
61350,85.34941101074219
61400,107.22901153564453
61450,60.3211555480957
61500,86.36457824707031
61550,101.05815887451172
61600,94.34757995605469
61650,59.999752044677734
61700,66.6026611328125
61750,80.80664825439453
61800,88.03438568115234
61850,78.07377624511719
61900,137.6565704345703
61950,53.5351448059082
62000,75.26367950439453
62050,94.2323226928711
62100,41.25415802001953
62150,74.39643096923828
62200,109.54462432861328
62250,101.9182357788086
62300,101.1792221069336
62350,114.5652847290039
62400,81.16704559326172
62450,58.77248764038086
62500,121.7611083984375
62550,103.96028137207031
62600,42.21427536010742
62650,69.77281951904297
62700,88.37214660644531
62750,63.22758102416992
62800,87.54943084716797
62850,92.12863159179688
62900,63.955055236816406
62950,115.14906311035156
63000,131.0608367919922
63050,77.95771789550781
63100,59.433311462402344
63150,104.18342590332031
63200,123.82879638671875
63250,94.55708312988281
63300,37.449371337890625
63350,124.82820892333984
63400,112.4883041381836
63450,65.61259460449219
63500,52.40748596191406
63550,89.21311950683594
63600,67.79832458496094
63650,43.24012756347656
63700,94.30253601074219
63750,97.49907684326172
63800,43.67876434326172
63850,80.46774291992188
63900,59.74007797241211
63950,110.82878112792969
64000,78.3980712890625
64050,86.39657592773438
64100,117.68938446044922
64150,117.75125885009766
64200,128.26502990722656
64250,66.36004638671875
64300,104.17738342285156
64350,55.08125305175781
64400,75.85991668701172
64450,116.07536315917969
64500,36.82146453857422
64550,94.15592956542969
64600,65.79219818115234
64650,95.44010162353516
64700,90.21897888183594
64750,59.94587707519531
64800,53.92830276489258
64850,98.44709777832031
64900,66.88481140136719
64950,81.67037963867188
65000,70.55631256103516
65050,80.53266143798828
65100,39.210514068603516
65150,102.01181030273438
65200,85.92631530761719
65250,61.086063385009766
65300,66.5405502319336
65350,36.9054069519043
65400,81.18108367919922
65450,79.79490661621094
65500,104.0676498413086
65550,109.32722473144531
65600,47.14298629760742
65650,63.95918655395508
65700,39.62812805175781
65750,107.65984344482422
65800,32.31109619140625
65850,73.42401885986328
65900,59.29457473754883
65950,86.67951202392578
66000,90.75074005126953
66050,47.188629150390625
66100,89.07536315917969
66150,77.40646362304688
66200,120.0830307006836
66250,86.50970458984375
66300,128.73486328125
66350,100.98321533203125
66400,113.4138412475586
66450,137.42977905273438
66500,83.46279907226562
66550,81.849609375
66600,51.10947799682617
66650,56.87813949584961
66700,54.13007354736328
66750,51.86219787597656
66800,61.51469802856445
66850,81.62251281738281
66900,57.43117904663086
66950,57.28892135620117
67000,87.67765045166016
67050,63.7074089050293
67100,95.18061828613281
67150,54.75435256958008
67200,70.94987487792969
67250,66.62991333007812
67300,67.70523834228516
67350,88.9326171875
67400,69.86253356933594
67450,65.39860534667969
67500,80.27311706542969
67550,44.26105499267578
67600,88.0699691772461
67650,125.62203979492188
67700,94.2262954711914
67750,89.14659118652344
67800,70.21640014648438
67850,50.70216751098633
67900,124.116455078125
67950,60.37053298950195
68000,65.8870620727539
68050,72.46842193603516
68100,64.79615020751953
68150,43.95555877685547
68200,121.82292175292969
68250,80.39276885986328
68300,60.90386199951172
68350,65.18952941894531
68400,75.34678649902344
68450,101.86009216308594
68500,128.19374084472656
68550,75.71391296386719
68600,42.9620246887207
68650,64.6955337524414
68700,87.36344146728516
68750,124.49634552001953
68800,82.4449462890625
68850,58.36866760253906
68900,78.29288482666016
68950,61.06333923339844
69000,76.7220230102539
69050,88.5465316772461
69100,51.82986068725586
69150,86.1194839477539
69200,101.51380157470703
69250,73.29242706298828
69300,47.967525482177734
69350,71.61754608154297
69400,67.1339340209961
69450,106.61576080322266
69500,82.62295532226562
69550,42.64093017578125
69600,59.88017654418945
69650,69.68693542480469
69700,122.76690673828125
69750,142.57159423828125
69800,77.52676391601562
69850,126.51195526123047
69900,59.583580017089844
69950,60.860252380371094
70000,79.67082214355469
70050,92.88095092773438
70100,109.27867889404297
70150,72.66712188720703
70200,66.55992126464844
70250,50.1258659362793
70300,67.61426544189453
70350,92.13639831542969
70400,63.97032165527344
70450,116.45515441894531
70500,100.0812759399414
70550,76.78204345703125
70600,68.43335723876953
70650,96.65312957763672
70700,103.74334716796875
70750,82.49169921875
70800,29.744464874267578
70850,70.14140319824219
70900,69.66126251220703
70950,42.74201202392578
71000,52.04098129272461
71050,57.59184646606445
71100,112.57652282714844
71150,58.49641036987305
71200,86.74905395507812
71250,95.10310363769531
71300,86.85444641113281
71350,119.59149932861328
71400,80.81732177734375
71450,49.83460998535156
71500,126.40492248535156
71550,73.60088348388672
71600,77.48060607910156
71650,91.822509765625
71700,77.51164245605469
71750,67.63838195800781
71800,64.7311782836914
71850,78.40474700927734
71900,84.08936309814453
71950,66.44275665283203
72000,105.19117736816406
72050,91.75040435791016
72100,96.92179107666016
72150,53.94401931762695
72200,159.21336364746094
72250,100.07705688476562
72300,102.53008270263672
72350,65.89544677734375
72400,100.33159637451172
72450,87.2620849609375
72500,87.1389389038086
72550,104.99495697021484
72600,90.43914794921875
72650,73.4891586303711
72700,47.981788635253906
72750,64.23350524902344
72800,53.76657485961914
72850,116.91959381103516
72900,112.2372055053711
72950,76.01268768310547
73000,100.95747375488281
73050,72.06594848632812
73100,81.18912506103516
73150,73.72810363769531
73200,69.17567443847656
73250,111.59769439697266
73300,96.23406219482422
73350,81.39634704589844
73400,81.21544647216797
73450,93.46588134765625
73500,50.07178497314453
73550,71.375244140625
73600,37.34748077392578
73650,54.64384460449219
73700,45.33616638183594
73750,108.49027252197266
73800,70.50922393798828
73850,47.103477478027344
73900,74.94047546386719
73950,99.78729248046875
74000,51.707828521728516
74050,88.51179504394531
74100,67.11385345458984
74150,105.02177429199219
74200,70.85667419433594
74250,62.107032775878906
74300,54.03534698486328
74350,70.60769653320312
74400,53.381813049316406
74450,85.7951889038086
74500,83.87799072265625
74550,71.68032836914062
74600,58.627960205078125
74650,72.44793701171875
74700,53.8531379699707
74750,90.15272521972656
74800,107.37379455566406
74850,82.47512817382812
74900,71.51206970214844
74950,92.49287414550781
75000,90.5800552368164
75050,81.46027374267578
75100,90.59236907958984
75150,87.349853515625
75200,56.58086395263672
75250,60.65409851074219
75300,85.7514877319336
75350,72.40668487548828
75400,78.94347381591797
75450,101.54226684570312
75500,39.37483596801758
75550,69.29671478271484
75600,70.00408935546875
75650,65.48554992675781
75700,73.07987213134766
75750,80.07859802246094
75800,74.53462219238281
75850,43.61083984375
75900,80.56658172607422
75950,64.51980590820312
76000,71.42890930175781
76050,89.89759826660156
76100,112.89805603027344
76150,75.41361236572266
76200,86.92831420898438
76250,105.07556915283203
76300,122.92478942871094
76350,80.25486755371094
76400,46.900779724121094
76450,62.038238525390625
76500,71.53469848632812
76550,73.88953399658203
76600,90.32920837402344
76650,108.77491760253906
76700,135.6772918701172
76750,117.67655944824219
76800,83.14370727539062
76850,52.021060943603516
76900,109.90315246582031
76950,59.856021881103516
77000,62.01436233520508
77050,109.27418518066406
77100,148.62149047851562
77150,115.9044418334961
77200,93.5191650390625
77250,106.03929138183594
77300,68.46500396728516
77350,110.2210464477539
77400,143.02816772460938
77450,79.52068328857422
77500,83.59529876708984
77550,63.18694305419922
77600,71.45376586914062
77650,110.3727798461914
77700,48.711181640625
77750,74.0274658203125
77800,80.1592025756836
77850,58.318511962890625
77900,107.7044906616211
77950,35.53436279296875
78000,104.50436401367188
78050,118.6552505493164
78100,39.2751579284668
78150,63.43474197387695
78200,53.659915924072266
78250,74.24185943603516
78300,57.538475036621094
78350,60.312435150146484
78400,84.72868347167969
78450,69.82648468017578
78500,124.1709213256836
78550,104.21643829345703
78600,94.32456970214844
78650,66.83484649658203
78700,80.74456787109375
78750,81.77188110351562
78800,111.05669403076172
78850,78.46051788330078
78900,75.43247985839844
78950,51.24262619018555
79000,95.18003845214844
79050,83.09727478027344
79100,93.11888122558594
79150,94.29972076416016
79200,111.61107635498047
79250,72.86637878417969
79300,82.03272247314453
79350,131.32044982910156
79400,73.77592468261719
79450,99.88090515136719
79500,68.54381561279297
79550,86.45256805419922
79600,79.88188934326172
79650,73.8931655883789
79700,74.48716735839844
79750,53.859928131103516
79800,96.82384490966797
79850,99.15849304199219
79900,52.831546783447266
79950,103.69866943359375
80000,90.73193359375
80050,127.82781982421875
80100,83.49727630615234
80150,96.93380737304688
80200,85.11482238769531
80250,84.20396423339844
80300,82.48963928222656
80350,55.616092681884766
80400,63.552268981933594
80450,21.2609806060791
80500,56.43365478515625
80550,112.02418518066406
80600,54.728458404541016
80650,85.76698303222656
80700,101.01338958740234
80750,69.60386657714844
80800,77.68473052978516
80850,83.79883575439453
80900,61.7823486328125
80950,72.83914947509766
81000,88.30472564697266
81050,117.4751205444336
81100,41.02983856201172
81150,106.08935546875
81200,55.47205352783203
81250,79.08396911621094
81300,114.31084442138672
81350,68.38479614257812
81400,101.10253143310547
81450,53.12022018432617
81500,72.30252838134766
81550,88.75596618652344
81600,93.86759948730469
81650,96.26537322998047
81700,60.670806884765625
81750,69.05413818359375
81800,90.61738586425781
81850,59.95212173461914
81900,70.07433319091797
81950,83.06019592285156
82000,42.873748779296875
82050,98.63784790039062
82100,107.48263549804688
82150,82.58068084716797
82200,134.5843048095703
82250,92.12164306640625
82300,81.3333969116211
82350,85.77040100097656
82400,79.7759780883789
82450,87.90889739990234
82500,68.71578979492188
82550,58.379119873046875
82600,73.49773406982422
82650,54.94462966918945
82700,103.93781280517578
82750,104.81502532958984
82800,92.80620574951172
82850,50.44220733642578
82900,52.3721923828125
82950,98.89251708984375
83000,130.04444885253906
83050,61.86235046386719
83100,36.4859619140625
83150,64.7304458618164
83200,87.862548828125
83250,75.22989654541016
83300,82.58987426757812
83350,91.35899353027344
83400,123.42955780029297
83450,114.74015808105469
83500,140.372314453125
83550,56.23917007446289
83600,78.82201385498047
83650,45.71196746826172
83700,98.51520538330078
83750,83.5237045288086
83800,82.85855102539062
83850,61.39558792114258
83900,81.14242553710938
83950,93.67845916748047
84000,66.9030990600586
84050,155.5483856201172
84100,85.63465881347656
84150,59.269561767578125
84200,60.02090072631836
84250,55.946720123291016
84300,39.632904052734375
84350,13.99812126159668
84400,25.82562255859375
84450,65.89048767089844
84500,125.88994598388672
84550,90.7278823852539
84600,55.259910583496094
84650,125.34773254394531
84700,80.33001708984375
84750,122.02656555175781
84800,51.954620361328125
84850,75.03359985351562
84900,76.2977066040039
84950,58.658756256103516
85000,75.5369644165039
85050,74.29625701904297
85100,47.98434066772461
85150,97.0386734008789
85200,126.88077545166016
85250,96.83660888671875
85300,40.85195541381836
85350,78.50535583496094
85400,98.88463592529297
85450,57.38640594482422
85500,84.97589111328125
85550,65.51604461669922
85600,78.26363372802734
85650,80.89627075195312
85700,64.68766021728516
85750,81.25206756591797
85800,80.28475952148438
85850,86.67262268066406
85900,77.41220092773438
85950,56.404476165771484
86000,79.43077850341797
86050,72.0122299194336
86100,70.56450653076172
86150,79.71759033203125
86200,94.39495849609375
86250,102.06644439697266
86300,93.58502960205078
86350,52.129390716552734
86400,85.69509887695312
86450,79.27984619140625
86500,83.28083801269531
86550,56.38193130493164
86600,77.6927490234375
86650,92.21466064453125
86700,59.3680305480957
86750,87.35953521728516
86800,85.134521484375
86850,103.53571319580078
86900,69.14230346679688
86950,90.51396179199219
87000,126.21151733398438
87050,96.96927642822266
87100,93.00621032714844
87150,86.3028793334961
87200,72.6353530883789
87250,37.619815826416016
87300,55.294883728027344
87350,121.05635070800781
87400,57.83513259887695
87450,43.37699508666992
87500,59.40407180786133
87550,65.3271255493164
87600,37.53374481201172
87650,95.73664855957031
87700,108.66236114501953
87750,61.93648147583008
87800,67.90556335449219
87850,83.47016143798828
87900,102.52458953857422
87950,114.6865463256836
88000,102.91249084472656
88050,61.36204528808594
88100,101.93944549560547
88150,117.91493225097656
88200,87.64903259277344
88250,62.828094482421875
88300,69.48326110839844
88350,38.578704833984375
88400,49.77744674682617
88450,52.56728744506836
88500,106.46107482910156
88550,82.4923324584961
88600,121.80299377441406
88650,116.88499450683594
88700,71.58944702148438
88750,83.46927642822266
88800,56.060340881347656
88850,36.38072204589844
88900,84.1058578491211
88950,106.8043441772461
89000,32.79714584350586
89050,78.89425659179688
89100,46.12527084350586
89150,34.16297912597656
89200,35.48475646972656
89250,39.72484588623047
89300,62.71524429321289
89350,94.80992126464844
89400,75.29448699951172
89450,114.62833404541016
89500,89.00218200683594
89550,113.5811538696289
89600,77.07069396972656
89650,103.61820983886719
89700,51.50690841674805
89750,98.45065307617188
89800,71.95297241210938
89850,100.5631332397461
89900,71.27944946289062
89950,45.14854431152344
90000,67.26959228515625
90050,75.93981170654297
90100,49.10177230834961
90150,95.21659088134766
90200,114.26380157470703
90250,60.93526077270508
90300,86.55086517333984
90350,95.78319549560547
90400,58.454498291015625
90450,71.49201965332031
90500,68.08114624023438
90550,67.44193267822266
90600,118.92182922363281
90650,57.49498748779297
90700,94.41326141357422
90750,82.95864868164062
90800,87.70194244384766
90850,96.67035675048828
90900,86.36162567138672
90950,107.38501739501953
91000,91.99880981445312
91050,55.184600830078125
91100,95.38270568847656
91150,85.33949279785156
91200,100.73538970947266
91250,117.20628356933594
91300,55.21406173706055
91350,99.95265197753906
91400,61.385562896728516
91450,83.16606903076172
91500,94.55774688720703
91550,58.62053298950195
91600,63.873355865478516
91650,64.21876525878906
91700,97.56034851074219
91750,67.55512237548828
91800,85.34193420410156
91850,38.34368896484375
91900,32.72972106933594
91950,109.11204528808594
92000,82.47325134277344
92050,83.0316162109375
92100,52.21023178100586
92150,52.4611930847168
92200,116.9762191772461
92250,56.584293365478516
92300,60.11763000488281
92350,145.8531036376953
92400,93.11235809326172
92450,79.19774627685547
92500,27.803565979003906
92550,77.29804992675781
92600,69.05070495605469
92650,108.89469146728516
92700,60.80645751953125
92750,75.23834228515625
92800,79.57957458496094
92850,64.77096557617188
92900,98.2663803100586
92950,90.6263656616211
93000,83.62722778320312
93050,49.76388931274414
93100,80.43815612792969
93150,72.19692993164062
93200,71.99870300292969
93250,70.26606750488281
93300,118.69274139404297
93350,10.09722900390625
93400,98.21703338623047
93450,100.94918060302734
93500,118.21343994140625
93550,66.48422241210938
93600,73.09712219238281
93650,106.96332550048828
93700,61.85752487182617
93750,78.77986145019531
93800,75.3677978515625
93850,106.04043579101562
93900,56.052494049072266
93950,106.04227447509766
94000,44.98474884033203
94050,59.561641693115234
94100,52.880889892578125
94150,60.54164505004883
94200,65.77427673339844
94250,38.818199157714844
94300,49.119117736816406
94350,134.3407440185547
94400,75.00601959228516
94450,37.22396469116211
94500,95.99923706054688
94550,85.74664306640625
94600,82.5987777709961
94650,102.68280029296875
94700,72.12675476074219
94750,52.38579177856445
94800,112.78691864013672
94850,104.24037170410156
94900,107.4329605102539
94950,64.01307678222656
95000,95.6544189453125
95050,99.4775390625
95100,131.2752227783203
95150,54.05134201049805
95200,42.7225227355957
95250,102.31533813476562
95300,70.42764282226562
95350,77.06311798095703
95400,62.59048843383789
95450,83.68907928466797
95500,75.00489807128906
95550,126.5516128540039
95600,50.735443115234375
95650,58.0478630065918
95700,112.14616394042969
95750,64.58214569091797
95800,65.99276733398438
95850,68.17476654052734
95900,90.90933227539062
95950,48.08552551269531
96000,88.0994644165039
96050,53.33058166503906
96100,124.97534942626953
96150,85.62472534179688
96200,88.87499237060547
96250,61.805755615234375
96300,92.41639709472656
96350,90.93315887451172
96400,68.87134552001953
96450,103.6991195678711
96500,60.6122932434082
96550,92.94136810302734
96600,63.017967224121094
96650,98.3445053100586
96700,85.35372924804688
96750,82.37753295898438
96800,71.25909423828125
96850,65.20906829833984
96900,65.80075073242188
96950,83.19393157958984
97000,66.94950866699219
97050,88.0757827758789
97100,82.43614959716797
97150,112.3207015991211
97200,76.80648803710938
97250,69.07789611816406
97300,95.73974609375
97350,58.81875991821289
97400,146.8859100341797
97450,80.46160125732422
97500,52.5308723449707
97550,41.913726806640625
97600,64.80889892578125
97650,80.54705810546875
97700,39.73634338378906
97750,59.47618865966797
97800,54.593379974365234
97850,67.14021301269531
97900,87.21470642089844
97950,104.26918029785156
98000,100.56842041015625
98050,106.52330780029297
98100,64.53329467773438
98150,129.1900177001953
98200,87.69960021972656
98250,63.03638458251953
98300,108.76717376708984
98350,107.71280670166016
98400,51.095951080322266
98450,80.9469223022461
98500,63.6356315612793
98550,60.70732116699219
98600,71.80577850341797
98650,136.81613159179688
98700,76.55191802978516
98750,116.31429290771484
98800,70.74974060058594
98850,79.70635986328125
98900,44.82403564453125
98950,66.91600036621094
99000,104.08013916015625
99050,61.38139343261719
99100,67.7469482421875
99150,90.11665344238281
99200,57.210880279541016
99250,46.759796142578125
99300,64.07403564453125
99350,105.76087188720703
99400,83.96317291259766
99450,38.48778533935547
99500,86.83184051513672
99550,76.59017181396484
99600,68.55589294433594
99650,59.7272834777832
99700,65.78141021728516
99750,106.53852844238281
99800,69.08655548095703
99850,116.65275573730469
99900,97.77188873291016
99950,143.56703186035156
100000,73.26557159423828
100050,111.14647674560547
100100,81.23207092285156
100150,90.04521942138672
100200,122.21065521240234
100250,68.33302307128906
100300,73.21376037597656
100350,77.94525146484375
100400,67.73287200927734
100450,76.94341278076172
100500,113.27294921875
100550,81.88529205322266
100600,54.927371978759766
100650,37.32841110229492
100700,99.88056182861328
100750,78.23611450195312
100800,56.51472091674805
100850,82.7513427734375
100900,79.10169219970703
100950,72.18993377685547
101000,81.28919219970703
101050,93.45848083496094
101100,69.83444213867188
101150,52.846981048583984
101200,79.2147216796875
101250,75.22213745117188
101300,46.38787078857422
101350,77.81781005859375
101400,43.261260986328125
101450,85.97314453125
101500,52.378395080566406
101550,67.9843521118164
101600,86.11357116699219
101650,80.14715576171875
101700,73.27635955810547
101750,90.4950180053711
101800,64.69741821289062
101850,77.52835083007812
101900,116.08422088623047
101950,57.406986236572266
102000,80.40231323242188
102050,62.573551177978516
102100,90.53753662109375
102150,68.10057830810547
102200,59.55305099487305
102250,39.453948974609375
102300,129.74256896972656
102350,76.94911193847656
102400,79.42523193359375
102450,64.86463928222656
102500,73.02500915527344
102550,82.778076171875
102600,66.90095520019531
102650,64.14847564697266
102700,62.65181350708008
102750,84.25164794921875
102800,57.39463424682617
102850,52.88484191894531
102900,116.37202453613281
102950,36.53904724121094
103000,71.14179992675781
103050,71.90660858154297
103100,116.62146759033203
103150,78.14339447021484
103200,82.01439666748047
103250,106.87770080566406
103300,44.83123016357422
103350,86.88347625732422
103400,71.11600494384766
103450,89.35432434082031
103500,69.21052551269531
103550,94.60966491699219
103600,57.91561508178711
103650,105.71883392333984
103700,60.97874450683594
103750,74.85176849365234
103800,45.61176681518555
103850,84.14627838134766
103900,84.04747009277344
103950,54.98468780517578
104000,68.08536529541016
104050,74.72412872314453
104100,75.94312286376953
104150,81.36642456054688
104200,73.48117065429688
104250,50.304901123046875
104300,60.19623947143555
104350,53.23179626464844
104400,89.88005828857422
104450,119.19188690185547
104500,82.06908416748047
104550,60.03982162475586
104600,66.17792510986328
104650,63.93373107910156
104700,86.18212127685547
104750,118.17223358154297
104800,107.85311126708984
104850,88.8126449584961
104900,60.26708221435547
104950,80.72399139404297
105000,48.40384292602539
105050,63.122310638427734
105100,111.51910400390625
105150,46.278690338134766
105200,106.98553466796875
105250,72.51854705810547
105300,61.388736724853516
105350,86.11785125732422
105400,47.764007568359375
105450,91.66242218017578
105500,90.74488830566406
105550,117.97504425048828
105600,78.60517120361328
105650,98.45201110839844
105700,83.71309661865234
105750,107.05516052246094
105800,89.7624282836914
105850,53.800559997558594
105900,84.13046264648438
105950,67.3855209350586
106000,118.45569610595703
106050,63.80763626098633
106100,86.49515533447266
106150,40.528900146484375
106200,63.65338134765625
106250,67.7930679321289
106300,86.76557922363281
106350,85.72138977050781
106400,83.68290710449219
106450,33.445919036865234
106500,73.34917449951172
106550,79.23729705810547
106600,82.2374038696289
106650,56.74714660644531
106700,84.3173828125
106750,80.58771514892578
106800,61.69960021972656
106850,52.9638557434082
106900,125.81282806396484
106950,70.70352935791016
107000,54.42696762084961
107050,57.33634948730469
107100,58.83932113647461
107150,60.516639709472656
107200,97.97052764892578
107250,94.5169906616211
107300,72.79046630859375
107350,64.70685577392578
107400,63.442466735839844
107450,33.14227294921875
107500,68.96781921386719
107550,91.79212951660156
107600,84.57110595703125
107650,96.08240509033203
107700,84.12846374511719
107750,107.64468383789062
107800,48.57795333862305
107850,33.86845016479492
107900,72.05625915527344
107950,101.55422973632812
108000,56.09158706665039
108050,96.85203552246094
108100,105.43367767333984
108150,73.83865356445312
108200,83.24771881103516
108250,82.13978576660156
108300,75.37482452392578
108350,41.77300262451172
108400,88.75971984863281
108450,69.35752868652344
108500,54.389686584472656
108550,72.05091094970703
108600,67.70774841308594
108650,79.7872543334961
108700,94.55158996582031
108750,60.78314208984375
108800,50.624176025390625
108850,105.30233764648438
108900,54.685882568359375
108950,119.50956726074219
109000,100.02356719970703
109050,61.62395477294922
109100,75.27383422851562
109150,54.88445281982422
109200,97.36671447753906
109250,73.28886413574219
109300,83.04942321777344
109350,93.46170043945312
109400,87.08720397949219
109450,72.78900146484375
109500,47.76844024658203
109550,82.60108947753906
109600,110.13021087646484
109650,87.41629028320312
109700,98.75162506103516
109750,83.985107421875
109800,90.88445281982422
109850,42.234619140625
109900,60.05972671508789
109950,101.04076385498047
110000,62.073944091796875
110050,116.55608367919922
110100,122.65157318115234
110150,92.98065185546875
110200,118.13282775878906
110250,97.02156066894531
110300,82.62025451660156
110350,56.89332962036133
110400,118.15348052978516
110450,60.66795349121094
110500,66.90934753417969
110550,51.01985549926758
110600,85.64053344726562
110650,87.7993392944336
110700,35.31720733642578
110750,49.4691276550293
110800,59.24137496948242
110850,63.07896041870117
110900,95.40682983398438
110950,54.434898376464844
111000,90.96229553222656
111050,74.66230010986328
111100,79.46540832519531
111150,85.38268280029297
111200,87.84483337402344
111250,114.26392364501953
111300,86.01837921142578
111350,88.77020263671875
111400,67.38162231445312
111450,53.15553283691406
111500,51.482364654541016
111550,90.39779663085938
111600,111.54651641845703
111650,67.18943786621094
111700,51.36581039428711
111750,96.9512939453125
111800,59.470489501953125
111850,81.44341278076172
111900,83.97233581542969
111950,84.48819732666016
112000,79.32553100585938
112050,107.5534439086914
112100,26.095827102661133
112150,87.56703186035156
112200,51.93071746826172
112250,58.98161697387695
112300,78.3798599243164
112350,103.869384765625
112400,68.67247772216797
112450,97.9477310180664
112500,69.67194366455078
112550,79.10040283203125
112600,107.03762817382812
112650,65.41156768798828
112700,130.2445068359375
112750,81.84034729003906
112800,100.37120056152344
112850,73.32775115966797
112900,103.2981948852539
112950,39.75279998779297
113000,104.33032989501953
113050,127.96731567382812
113100,74.7225570678711
113150,71.6561508178711
113200,75.01119995117188
113250,38.866092681884766
113300,87.62910461425781
113350,63.722267150878906
113400,80.49818420410156
113450,106.3091812133789
113500,63.67022705078125
113550,73.76151275634766
113600,63.71809387207031
113650,59.821475982666016
113700,59.36187744140625
113750,54.841552734375
113800,76.5573501586914
113850,57.08191680908203
113900,113.1061782836914
113950,93.09428405761719
114000,36.78559494018555
114050,50.759971618652344
114100,68.39739227294922
114150,59.59946823120117
114200,105.83592224121094
114250,69.81017303466797
114300,64.30156707763672
114350,91.70308685302734
114400,96.0328369140625
114450,74.01998138427734
114500,68.44284057617188
114550,77.18931579589844
114600,108.1056137084961
114650,90.2536392211914
114700,51.22863006591797
114750,62.8018798828125
114800,116.84186553955078
114850,91.76441955566406
114900,65.78462982177734
114950,83.95177459716797
115000,121.73470306396484
115050,81.25115203857422
115100,60.89090347290039
115150,117.6073989868164
115200,68.00466918945312
115250,39.31202697753906
115300,128.27566528320312
115350,66.28684997558594
115400,83.11768341064453
115450,66.05960845947266
115500,55.86481475830078
115550,72.76371765136719
115600,73.24754333496094
115650,117.76190185546875
115700,62.63520431518555
115750,41.9138069152832
115800,91.95670318603516
115850,95.43115234375
115900,78.59491729736328
115950,96.6953353881836
116000,61.842933654785156
116050,60.486236572265625
116100,78.38362121582031
116150,104.7666244506836
116200,58.42972183227539
116250,90.6723403930664
116300,65.17073822021484
116350,92.17533874511719
116400,90.29782104492188
116450,80.47112274169922
116500,162.45822143554688
116550,142.72303771972656
116600,54.869720458984375
116650,123.54679870605469
116700,48.61215591430664
116750,80.80866241455078
116800,56.19872283935547
116850,102.26506805419922
116900,85.9637680053711
116950,64.46049499511719
117000,69.09481048583984
117050,99.32207489013672
117100,96.42573547363281
117150,83.1585693359375
117200,50.207096099853516
117250,79.54662322998047
117300,97.6103286743164
117350,57.68159866333008
117400,106.0294189453125
117450,83.84375762939453
117500,93.58238220214844
117550,89.07759857177734
117600,58.38294219970703
117650,69.5616455078125
117700,75.27731323242188
117750,44.33951187133789
117800,127.3440933227539
117850,45.89435958862305
117900,71.2780532836914
117950,87.22795867919922
118000,95.65187072753906
118050,80.19915008544922
118100,56.889747619628906
118150,75.76729583740234
118200,76.55977630615234
118250,66.29747772216797
118300,92.16743469238281
118350,71.73165130615234
118400,71.8200912475586
118450,100.53555297851562
118500,64.7998046875
118550,77.9053726196289
118600,78.14208984375
118650,66.59797668457031
118700,61.391517639160156
118750,67.4896011352539
118800,30.0669002532959
118850,80.33165740966797
118900,85.21878814697266
118950,85.10813903808594
119000,57.8608283996582
119050,40.01232147216797
119100,102.53601837158203
119150,64.46389770507812
119200,117.39459991455078
119250,96.91897583007812
119300,75.24625396728516
119350,63.68981170654297
119400,52.52192687988281
119450,99.0028305053711
119500,93.0888900756836
119550,64.32014465332031
119600,108.29159545898438
119650,56.41506576538086
119700,122.14160919189453
119750,74.20620727539062
119800,68.8563232421875
119850,43.83607482910156
119900,80.3880386352539
119950,82.30302429199219
120000,63.270668029785156
120050,55.48974609375
120100,55.97299575805664
120150,83.19187927246094
120200,66.7091293334961
120250,41.71520233154297
120300,68.53319549560547
120350,98.89325714111328
120400,92.00325012207031
120450,40.376678466796875
120500,71.05016326904297
120550,66.33502197265625
120600,61.090484619140625
120650,86.24343872070312
120700,113.68293762207031
120750,51.860435485839844
120800,74.91515350341797
120850,98.97736358642578
120900,70.38088989257812
120950,32.92702102661133
121000,118.83241271972656
121050,34.907989501953125
121100,94.72477722167969
121150,26.878793716430664
121200,62.33253860473633
121250,143.14942932128906
121300,69.91815185546875
121350,55.730953216552734
121400,61.63810729980469
121450,78.9181900024414
121500,108.61185455322266
121550,73.11773681640625
121600,146.05474853515625
121650,98.94732666015625
121700,83.23851013183594
121750,115.2785415649414
121800,47.88503646850586
121850,93.38838195800781
121900,89.77105712890625
121950,96.32872009277344
122000,61.76704406738281
122050,91.1500244140625
122100,92.00949096679688
122150,129.6311492919922
122200,83.78368377685547
122250,74.30169677734375
122300,78.70826721191406
122350,114.21599578857422
122400,60.83460235595703
122450,102.09134674072266
122500,62.08488845825195
122550,64.89769744873047
122600,76.95361328125
122650,36.961769104003906
122700,79.60492706298828
122750,49.13255310058594
122800,115.8017349243164
122850,91.91401672363281
122900,99.68634796142578
122950,90.65081787109375
123000,119.78858184814453
123050,68.05581665039062
123100,83.26876068115234
123150,62.83586883544922
123200,96.13312530517578
123250,82.2978515625
123300,121.88085174560547
123350,53.28772735595703
123400,59.87074661254883
123450,120.19024658203125
123500,87.08349609375
123550,70.30342102050781
123600,38.047645568847656
123650,120.60755920410156
123700,73.21866607666016
123750,52.61637496948242
123800,82.22352600097656
123850,81.98689270019531
123900,86.59110260009766
123950,102.99987030029297
124000,69.54638671875
124050,82.44825744628906
124100,113.05646514892578
124150,66.67914581298828
124200,115.57404327392578
124250,80.96036529541016
124300,53.33981704711914
124350,82.94480895996094
124400,99.57416534423828
124450,60.194480895996094
124500,65.60108184814453
124550,69.77179718017578
124600,84.60079193115234
124650,63.951026916503906
124700,75.001708984375
124750,89.3463363647461
124800,75.94820404052734
124850,105.25116729736328
124900,75.73875427246094
124950,111.77738189697266
125000,48.538902282714844
125050,125.2906723022461
125100,135.0446319580078
125150,90.93463897705078
125200,135.50111389160156
125250,88.31867980957031
125300,144.9021759033203
125350,125.02276611328125
125400,90.3143081665039
125450,114.05621337890625
125500,62.581241607666016
125550,117.22035217285156
125600,68.05813598632812
125650,126.56412506103516
125700,93.82789611816406
125750,61.18223190307617
125800,70.75535583496094
125850,93.61909484863281
125900,26.690624237060547
125950,113.01182556152344
126000,64.9849853515625
126050,64.55254364013672
126100,88.08344268798828
126150,58.252681732177734
126200,42.03037643432617
126250,59.36048889160156
126300,87.71056365966797
126350,74.57749938964844
126400,57.26812744140625
126450,109.1897201538086
126500,83.41105651855469
126550,80.79417419433594
126600,83.23058319091797
126650,90.52657318115234
126700,104.07183074951172
126750,83.99542999267578
126800,86.18140411376953
126850,97.22746276855469
126900,80.35188293457031
126950,45.54983901977539
127000,111.56351470947266
127050,69.36964416503906
127100,89.32645416259766
127150,85.11832427978516
127200,62.081077575683594
127250,114.72857666015625
127300,69.58443450927734
127350,78.22368621826172
127400,91.4945068359375
127450,94.19477081298828
127500,23.994308471679688
127550,73.61506652832031
127600,46.47905731201172
127650,93.4693374633789
127700,85.2661361694336
127750,111.29269409179688
127800,123.36689758300781
127850,49.71744155883789
127900,116.09505462646484
127950,60.57037353515625
128000,90.73360443115234
128050,61.319847106933594
128100,64.50132751464844
128150,61.45249557495117
128200,91.9626693725586
128250,88.3760757446289
128300,93.9404525756836
128350,49.867103576660156
128400,52.63518524169922
128450,33.671085357666016
128500,47.01395797729492
128550,67.73384857177734
128600,52.47528839111328
128650,79.70793914794922
128700,109.01078796386719
128750,49.57737731933594
128800,143.8000030517578
128850,46.02833557128906
128900,158.676025390625
128950,63.54643249511719
129000,68.96733093261719
129050,69.56491088867188
129100,50.276695251464844
129150,60.73912811279297
129200,101.49681091308594
129250,82.95418548583984
129300,125.5045166015625
129350,109.89720153808594
129400,75.31336975097656
129450,145.79116821289062
129500,79.18291473388672
129550,115.08384704589844
129600,98.54476928710938
129650,123.07117462158203
129700,78.2449722290039
129750,45.7972526550293
129800,134.751220703125
129850,63.38974380493164
129900,86.10652160644531
129950,110.44722747802734
130000,97.47760772705078
130050,83.8204574584961
130100,46.8479118347168
130150,60.56989669799805
130200,69.09550476074219
130250,77.52141571044922
130300,127.28038024902344
130350,95.0394515991211
130400,62.57582473754883
130450,94.42720031738281
130500,75.43618774414062
130550,67.51403045654297
130600,106.98900604248047
130650,107.44880676269531
130700,57.79039764404297
130750,38.50614547729492
130800,89.3155288696289
130850,99.84545135498047
130900,92.1578140258789
130950,42.924598693847656
131000,74.21574401855469
131050,77.95720672607422
131100,88.66456604003906
131150,74.07684326171875
131200,30.259904861450195
131250,59.34575653076172
131300,42.46823501586914
131350,65.65496063232422
131400,86.13641357421875
131450,51.293357849121094
131500,76.81270599365234
131550,83.37882232666016
131600,116.11497497558594
131650,110.62086486816406
131700,52.97681427001953
131750,55.19071578979492
131800,70.58379364013672
131850,63.32771301269531
131900,101.3628158569336
131950,80.1860122680664
132000,111.60801696777344
132050,67.93885040283203
132100,38.13639450073242
132150,93.92422485351562
132200,79.0580062866211
132250,48.68229293823242
132300,86.73580169677734
132350,101.29776000976562
132400,70.47796630859375
132450,100.11002349853516
132500,72.24938201904297
132550,62.199493408203125
132600,136.8231658935547
132650,59.671966552734375
132700,50.110260009765625
132750,47.81416702270508
132800,63.13615798950195
132850,54.771156311035156
132900,95.35722351074219
132950,66.98075866699219
133000,61.51029968261719
133050,52.95866775512695
133100,74.9424819946289
133150,130.7521514892578
133200,103.58587646484375
133250,108.79946899414062
133300,91.33670806884766
133350,48.05076217651367
133400,46.117183685302734
133450,53.90883255004883
133500,53.50033187866211
133550,91.88968658447266
133600,123.93403625488281
133650,99.70268249511719
133700,87.64894104003906
133750,63.05977249145508
133800,74.6708984375
133850,95.277587890625
133900,103.06073760986328
133950,33.660762786865234
134000,101.23313903808594
134050,111.19670867919922
134100,58.73649215698242
134150,45.934425354003906
134200,43.310211181640625
134250,61.377010345458984
134300,56.945106506347656
134350,19.151687622070312
134400,24.17414093017578
134450,117.85700988769531
134500,92.05286407470703
134550,117.22249603271484
134600,68.46928405761719
134650,63.57771301269531
134700,115.58832550048828
134750,53.74374008178711
134800,78.41897583007812
134850,163.01138305664062
134900,72.7669677734375
134950,60.45990753173828
135000,100.94245147705078
135050,89.24407196044922
135100,73.0272216796875
135150,59.75174331665039
135200,52.798484802246094
135250,117.16584777832031
135300,24.215938568115234
135350,55.618282318115234
135400,68.65106964111328
135450,83.13883209228516
135500,88.0754623413086
135550,69.53054809570312
135600,68.16946411132812
135650,80.74141693115234
135700,92.47765350341797
135750,78.22108459472656
135800,115.42635345458984
135850,57.931976318359375
135900,64.50423431396484
135950,73.00176239013672
136000,113.36457061767578
136050,116.08534240722656
136100,106.4495849609375
136150,50.23102569580078
136200,129.73655700683594
136250,60.50502395629883
136300,124.05684661865234
136350,56.38454055786133
136400,146.86370849609375
136450,84.5055923461914
136500,100.44892120361328
136550,69.73347473144531
136600,95.11756896972656
136650,68.59437561035156
136700,22.109697341918945
136750,95.19026947021484
136800,127.32335662841797
136850,83.87971496582031
136900,141.6919708251953
136950,58.79275894165039
137000,75.46977996826172
137050,99.70894622802734
137100,112.44985961914062
137150,99.94570922851562
137200,71.04574584960938
137250,69.57189178466797
137300,91.88436889648438
137350,92.63986206054688
137400,69.81836700439453
137450,68.80523681640625
137500,67.1116714477539
137550,39.37543487548828
137600,113.08340454101562
137650,81.68225860595703
137700,43.37046813964844
137750,97.97655487060547
137800,60.3105583190918
137850,32.65871047973633
137900,93.42912292480469
137950,49.799320220947266
138000,59.73837661743164
138050,57.09385299682617
138100,66.11106872558594
138150,101.62892150878906
138200,104.99625396728516
138250,62.160770416259766
138300,29.592370986938477
138350,73.14309692382812
138400,94.59378051757812
138450,158.94970703125
138500,83.54491424560547
138550,72.11998748779297
138600,80.44387817382812
138650,19.30093765258789
138700,64.34341430664062
138750,52.39967727661133
138800,74.37525177001953
138850,128.54637145996094
138900,133.08349609375
138950,55.91748809814453
139000,75.28643035888672
139050,64.40150451660156
139100,94.86639404296875
139150,106.06695556640625
139200,101.87689208984375
139250,98.27371978759766
139300,47.99508285522461
139350,124.2361068725586
139400,40.10358810424805
139450,52.9348258972168
139500,66.04271697998047
139550,93.08602142333984
139600,59.53745651245117
139650,135.12442016601562
139700,98.46891021728516
139750,46.61800003051758
139800,93.41667175292969
139850,42.950382232666016
139900,77.99032592773438
139950,69.24653625488281
140000,35.265655517578125
140050,111.6771240234375
140100,117.89563751220703
140150,32.4512939453125
140200,92.39835357666016
140250,74.7296371459961
140300,74.73307037353516
140350,143.14678955078125
140400,55.06196975708008
140450,22.60686492919922
140500,113.91383361816406
140550,112.39105987548828
140600,54.86315155029297
140650,74.36663818359375
140700,69.06708526611328
140750,91.01797485351562
140800,68.34573364257812
140850,93.53614807128906
140900,42.81680679321289
140950,87.55787658691406
141000,80.18852996826172
141050,104.38626098632812
141100,47.510276794433594
141150,72.5927963256836
141200,143.78684997558594
141250,84.4527587890625
141300,130.50950622558594
141350,59.22622299194336
141400,87.80555725097656
141450,98.22403717041016
141500,51.32876205444336
141550,25.300416946411133
141600,102.0183334350586
141650,47.31882095336914
141700,140.78604125976562
141750,102.3241195678711
141800,41.74768829345703
141850,48.42692184448242
141900,115.6076889038086
141950,22.01289939880371
142000,83.0875473022461
142050,42.30207443237305
142100,79.5775146484375
142150,146.22747802734375
142200,115.7783203125
142250,63.52132034301758
142300,88.33023834228516
142350,84.10624694824219
